image: /home/rosmatch/warehouse.pgm
resolution: 0.050000
origin: [-98.000000, -100.100000, 0.000000]
negate: 0
occupied_thresh: 0.65
free_thresh: 0.196

